| Score | Edge    | Win    | Lose   | Push   |
| ----- | ------- | ------ | ------ | ------ |
| 4     | -23.04% | 34.72% | 57.76% | 7.52%  |
| 5     | -25.67% | 33.53% | 59.20% | 7.27%  |
| 6     | -26.40% | 33.99% | 60.39% | 5.62%  |
| 7     | -23.34% | 33.52% | 56.86% | 9.62%  |
| 8     | -14.39% | 37.94% | 52.33% | 9.73%  |
| 9     | -4.27%  | 42.80% | 47.07% | 10.13% |
| 10    | 8.28%   | 48.59% | 40.31% | 11.10% |
| 11    | 14.12%  | 52.75% | 38.63% | 8.62%  |
| 12    | -33.30% | 30.13% | 63.43% | 6.45%  |
| 13    | -38.06% | 27.97% | 66.04% | 5.99%  |
| 14    | -42.49% | 25.98% | 68.46% | 5.56%  |
| 15    | -46.60% | 24.12% | 70.72% | 5.16%  |
| 16    | -43.68% | 28.16% | 71.84% | 0%     |
| 17    | -29.17% | 28.16% | 57.33% | 14.51% |
| 18    | -0.71%  | 42.67% | 43.38% | 13.95% |
| 19    | 26.59%  | 56.62% | 30.03% | 13.35% |
| 20    | 57.96%  | 69.97% | 12.01% | 18.03% |
| BJ    | 142.90% | 95.27% | 0%     | 4.73%  |
| 2/12  | -1.35%  | 44.66% | 46.01% | 9.33%  |
| 3/13  | -5%     | 43.01% | 48%    | 8.99%  |
| 4/14  | -8.62%  | 41.36% | 49.98% | 8.65%  |
| 5/15  | -12.21% | 39.73% | 51.95% | 8.32%  |
| 6/16  | -13.84% | 39.77% | 53.61% | 6.62%  |
| 7/17  | -11.82% | 38.94% | 50.77% | 10.29% |
| 8/18  | -0.71%  | 42.67% | 43.38% | 13.95% |
| 9/19  | 26.59%  | 56.62% | 30.03% | 13.35% |
| 10/20 | 57.96%  | 69.97% | 12.01% | 18.03% |

| Edge   | Win    | Lose   | Push  |
| ------ | ------ | ------ | ----- |
| -4.43% | 42.11% | 48.80% | 9.10% |
