| Score | Decision |
| ----- | -------- |
| 4     | hit      |
| 5     | hit      |
| 6     | hit      |
| 7     | hit      |
| 8     | hit      |
| 9     | hit      |
| 10    | hit      |
| 11    | hit      |
| 12    | hit      |
| 13    | hit      |
| 14    | hit      |
| 15    | stand    |
| 16    | stand    |
| 17    | stand    |
| 18    | stand    |
| 19    | stand    |
| 20    | stand    |
| 2/12  | hit      |
| 3/13  | hit      |
| 4/14  | hit      |
| 5/15  | hit      |
| 6/16  | hit      |
| 7/17  | hit      |
| 8/18  | stand    |
| 9/19  | stand    |
| 10/20 | stand    |

| Score | Returns | Win    | Lose   | Push   |
| ----- | ------- | ------ | ------ | ------ |
| 4     | -22.71% | 35.18% | 57.89% | 6.94%  |
| 5     | -24.57% | 35.05% | 59.62% | 5.33%  |
| 6     | -26.01% | 34.53% | 60.54% | 4.92%  |
| 7     | -22.99% | 34%    | 56.99% | 9%     |
| 8     | -14.07% | 38.38% | 52.45% | 9.16%  |
| 9     | -3.97%  | 43.22% | 47.19% | 9.59%  |
| 10    | 8.56%   | 48.98% | 40.41% | 10.61% |
| 11    | 14.40%  | 53.14% | 38.74% | 8.13%  |
| 12    | -33.04% | 30.49% | 63.53% | 5.99%  |
| 13    | -37.82% | 28.31% | 66.13% | 5.56%  |
| 14    | -42.26% | 26.29% | 68.55% | 5.16%  |
| 15    | -43.68% | 28.16% | 71.84% | 0%     |
| 16    | -43.68% | 28.16% | 71.84% | 0%     |
| 17    | -29.17% | 28.16% | 57.33% | 14.51% |
| 18    | -0.71%  | 42.67% | 43.38% | 13.95% |
| 19    | 26.59%  | 56.62% | 30.03% | 13.35% |
| 20    | 57.96%  | 69.97% | 12.01% | 18.03% |
| BJ    | 142.90% | 95.27% | 0%     | 4.73%  |
| 2/12  | -1.12%  | 44.99% | 46.10% | 8.91%  |
| 3/13  | -4.76%  | 43.33% | 48.09% | 8.58%  |
| 4/14  | -8.39%  | 41.68% | 50.07% | 8.25%  |
| 5/15  | -11.22% | 41.11% | 52.33% | 6.55%  |
| 6/16  | -13.54% | 40.19% | 53.73% | 6.08%  |
| 7/17  | -11.54% | 39.33% | 50.87% | 9.80%  |
| 8/18  | -0.71%  | 42.67% | 43.38% | 13.95% |
| 9/19  | 26.59%  | 56.62% | 30.03% | 13.35% |
| 10/20 | 57.96%  | 69.97% | 12.01% | 18.03% |

| Returns | Win    | Lose   | Push  |
| ------- | ------ | ------ | ----- |
| -4.07%  | 42.62% | 48.94% | 8.45% |
