| Score | Decision |
| ----- | -------- |
| 4     | hit      |
| 5     | hit      |
| 6     | hit      |
| 7     | hit      |
| 8     | hit      |
| 9     | hit      |
| 10    | double   |
| 11    | double   |
| 12    | hit      |
| 13    | hit      |
| 14    | hit      |
| 15    | stand    |
| 16    | stand    |
| 17    | stand    |
| 18    | stand    |
| 19    | stand    |
| 20    | stand    |
| 2/12  | hit      |
| 3/13  | hit      |
| 4/14  | hit      |
| 5/15  | hit      |
| 6/16  | hit      |
| 7/17  | hit      |
| 8/18  | stand    |
| 9/19  | stand    |
| 10/20 | stand    |

| Score | Returns | Win    | Lose   | Push   |
| ----- | ------- | ------ | ------ | ------ |
| 4     | -22.98% | 35.17% | 58.15% | 6.68%  |
| 5     | -24.83% | 35.04% | 59.87% | 5.09%  |
| 6     | -26.25% | 34.52% | 60.77% | 4.70%  |
| 7     | -23.21% | 34%    | 57.21% | 8.80%  |
| 8     | -14.28% | 38.38% | 52.66% | 8.96%  |
| 9     | -4.08%  | 43.21% | 47.29% | 9.49%  |
| 10    | 14.37%  | 48.93% | 41.75% | 9.32%  |
| 11    | 26.05%  | 53.09% | 40.07% | 6.84%  |
| 12    | -33.04% | 30.49% | 63.53% | 5.99%  |
| 13    | -37.82% | 28.31% | 66.13% | 5.56%  |
| 14    | -42.26% | 26.29% | 68.55% | 5.16%  |
| 15    | -43.68% | 28.16% | 71.84% | 0%     |
| 16    | -43.68% | 28.16% | 71.84% | 0%     |
| 17    | -29.17% | 28.16% | 57.33% | 14.51% |
| 18    | -0.71%  | 42.67% | 43.38% | 13.95% |
| 19    | 26.59%  | 56.62% | 30.03% | 13.35% |
| 20    | 57.96%  | 69.97% | 12.01% | 18.03% |
| BJ    | 142.90% | 95.27% | 0%     | 4.73%  |
| 2/12  | -1.12%  | 44.99% | 46.10% | 8.91%  |
| 3/13  | -4.76%  | 43.33% | 48.09% | 8.58%  |
| 4/14  | -8.39%  | 41.68% | 50.07% | 8.25%  |
| 5/15  | -11.22% | 41.11% | 52.33% | 6.55%  |
| 6/16  | -13.54% | 40.19% | 53.73% | 6.08%  |
| 7/17  | -11.54% | 39.33% | 50.87% | 9.80%  |
| 8/18  | -0.71%  | 42.67% | 43.38% | 13.95% |
| 9/19  | 26.59%  | 56.62% | 30.03% | 13.35% |
| 10/20 | 57.96%  | 69.97% | 12.01% | 18.03% |

| Returns | Win    | Lose   | Push  |
| ------- | ------ | ------ | ----- |
| -3.30%  | 42.61% | 49.08% | 8.31% |
